2.000000000000000000e+00
2.200000000000000178e+00
2.399999999999999911e+00
2.600000000000000089e+00
2.799999999999999822e+00
3.000000000000000000e+00
2.000000000000000000e+00
2.200000000000000178e+00
2.399999999999999911e+00
2.600000000000000089e+00
2.799999999999999822e+00
3.000000000000000000e+00
3.200000000000000178e+00
2.200000000000000178e+00
2.399999999999999911e+00
2.600000000000000089e+00
2.799999999999999822e+00
3.000000000000000000e+00
3.200000000000000178e+00
2.200000000000000178e+00
2.399999999999999911e+00
2.600000000000000089e+00
2.799999999999999822e+00
3.000000000000000000e+00
3.200000000000000178e+00
3.399999999999999911e+00
2.399999999999999911e+00
2.600000000000000089e+00
2.799999999999999822e+00
3.000000000000000000e+00
3.200000000000000178e+00
3.399999999999999911e+00
3.600000000000000089e+00
2.399999999999999911e+00
2.600000000000000089e+00
2.799999999999999822e+00
3.000000000000000000e+00
3.200000000000000178e+00
3.399999999999999911e+00
3.600000000000000089e+00
3.799999999999999822e+00
2.399999999999999911e+00
2.600000000000000089e+00
2.799999999999999822e+00
3.000000000000000000e+00
3.200000000000000178e+00
3.399999999999999911e+00
3.600000000000000089e+00
3.799999999999999822e+00
4.000000000000000000e+00
2.600000000000000089e+00
2.799999999999999822e+00
3.000000000000000000e+00
3.200000000000000178e+00
3.399999999999999911e+00
3.600000000000000089e+00
3.799999999999999822e+00
4.000000000000000000e+00
2.600000000000000089e+00
2.799999999999999822e+00
3.000000000000000000e+00
3.200000000000000178e+00
3.399999999999999911e+00
3.600000000000000089e+00
3.799999999999999822e+00
4.000000000000000000e+00
4.200000000000000178e+00
2.799999999999999822e+00
3.000000000000000000e+00
3.200000000000000178e+00
3.399999999999999911e+00
3.600000000000000089e+00
3.799999999999999822e+00
4.000000000000000000e+00
4.200000000000000178e+00
4.400000000000000355e+00
2.799999999999999822e+00
3.000000000000000000e+00
3.200000000000000178e+00
3.399999999999999911e+00
3.600000000000000089e+00
3.799999999999999822e+00
4.000000000000000000e+00
4.200000000000000178e+00
2.799999999999999822e+00
3.000000000000000000e+00
3.200000000000000178e+00
3.399999999999999911e+00
3.600000000000000089e+00
3.799999999999999822e+00
4.000000000000000000e+00
4.200000000000000178e+00
4.400000000000000355e+00
3.000000000000000000e+00
3.200000000000000178e+00
3.399999999999999911e+00
3.600000000000000089e+00
3.799999999999999822e+00
4.000000000000000000e+00
4.200000000000000178e+00
4.400000000000000355e+00
3.000000000000000000e+00
3.200000000000000178e+00
3.399999999999999911e+00
3.600000000000000089e+00
3.799999999999999822e+00
4.000000000000000000e+00
4.200000000000000178e+00
3.000000000000000000e+00
3.200000000000000178e+00
3.399999999999999911e+00
3.600000000000000089e+00
3.799999999999999822e+00
4.000000000000000000e+00
4.200000000000000178e+00
3.200000000000000178e+00
3.399999999999999911e+00
3.600000000000000089e+00
3.799999999999999822e+00
4.000000000000000000e+00
4.200000000000000178e+00
4.400000000000000355e+00
3.200000000000000178e+00
3.399999999999999911e+00
3.600000000000000089e+00
3.799999999999999822e+00
4.000000000000000000e+00
4.200000000000000178e+00
4.400000000000000355e+00
3.200000000000000178e+00
3.399999999999999911e+00
3.600000000000000089e+00
3.799999999999999822e+00
4.000000000000000000e+00
4.200000000000000178e+00
3.200000000000000178e+00
3.399999999999999911e+00
3.600000000000000089e+00
3.799999999999999822e+00
4.000000000000000000e+00
4.200000000000000178e+00
3.399999999999999911e+00
3.600000000000000089e+00
3.799999999999999822e+00
4.000000000000000000e+00
4.200000000000000178e+00
4.400000000000000355e+00
3.399999999999999911e+00
3.600000000000000089e+00
3.799999999999999822e+00
4.000000000000000000e+00
4.200000000000000178e+00
3.600000000000000089e+00
3.799999999999999822e+00
4.000000000000000000e+00
4.200000000000000178e+00
3.600000000000000089e+00
3.799999999999999822e+00
4.000000000000000000e+00
4.200000000000000178e+00
3.600000000000000089e+00
3.799999999999999822e+00
4.000000000000000000e+00
4.200000000000000178e+00
4.400000000000000355e+00
3.600000000000000089e+00
3.799999999999999822e+00
4.000000000000000000e+00
4.200000000000000178e+00
3.600000000000000089e+00
3.799999999999999822e+00
4.000000000000000000e+00
4.200000000000000178e+00
3.600000000000000089e+00
3.799999999999999822e+00
4.000000000000000000e+00
4.200000000000000178e+00
4.400000000000000355e+00
3.799999999999999822e+00
4.000000000000000000e+00
4.200000000000000178e+00
3.799999999999999822e+00
4.000000000000000000e+00
4.200000000000000178e+00
3.799999999999999822e+00
4.000000000000000000e+00
4.200000000000000178e+00
3.799999999999999822e+00
4.000000000000000000e+00
4.200000000000000178e+00
4.000000000000000000e+00
4.200000000000000178e+00
4.000000000000000000e+00
4.200000000000000178e+00
4.000000000000000000e+00
4.000000000000000000e+00
4.200000000000000178e+00
4.000000000000000000e+00
4.200000000000000178e+00
4.200000000000000178e+00
4.200000000000000178e+00
4.200000000000000178e+00
4.200000000000000178e+00
4.200000000000000178e+00
